24
11,105,84,132,35,7,92,70,23,17,104
120,79,134,28,100
25,84

40,73,101
20,61,63,122
132,105,11,57,35,1,23,70,75,104,41,92
25,26,76,128,14,48,34,81,24
107,98
71,53,118,31,110
105,132,1,35,7,23,70,84,57,92,75,104,41
128,34,81,76,14,24,136,26

128,76,136,81,26,24,34,102,8,25,48,12,121,97
39,21,64,65,114
19,137,67,126
49,84,1
56
137,16,67,47
6,61,63,122,27
39,64,65,114,15,109
52,116,72,78,125
35,11,105,132,7,1
14,128,76,81,113,102,136,34,26,25,12,8,121,0
8,57,76,14,26,128,48,3,81,34,24,97
128,14,76,34,8,81,102,48,24,25,136,97,12
20
134,120,79,2,100,45,47

32
118,53,71,10,33
30
31,110
14,26,128,24,12,136,76,48,8,81,83,97,25,113
11,105,132,23,1,7,70,57,92
103


21,64,65,114,15,109
101,5,73,43,59
11,7
69
40
88,45
44,88,28,120
85,87,129,103
100,134,19,28
26,8,14,34,128,25,76
17
60,80
133,108,77
116,72,125,78,22
10,71,118,31,110
115,55,90,96
115,54,90,96
18
25,7,105,11,132,35,104
97
40,101
80,50
6,20,122,63
99
122,20,6,61,84
39,21,65,109,114,15
21,39,64,15,109
96
19,16,137,126
121,89
42
11,7,105,132,35,1
10,53,118,31,110
125,78,52,116,22
40,5,101

92,104,11,7
81,128,14,102,24,26,136,121,8,25,12,34,48
51,133
125,72,52,116,22
120,2,134,28,100
60,50
76,128,14,102,24,26,136,121,12,34,8,25
86,89
97,34
1,11,17,105,63,3
129,46,87,103
82
129,85,46
44,45
68,82
55,115,54,96
118
104,75,105,132,108,11,1,35,7
106

131,111,124
123,66,90,55,115,54
83,58,26,34,14,25,128
107,9
62
134,28,79,2,47,120
40,5,73,59
81,76,136,128,14,24,26,121
36,85,46,129
92,75,57,108,11,105,7,1
11,132,35,1,7,23,92,70,57,84,104
93
9,98
133,51,92,104
64,39,21,65
118,71,10,53,33
131,124,95

24,34
39,64,21,15
55,54,90,96
52,22,72,125,78

53,71,10,31,110,91

2,79,134,28,100,45
68,81,76,128,14,102,24
63,6,61,20
96
131,111,95
78,72,52,116,22
16,67

81,76,14,26,136,24,102,34,12,8,121,25,48,97
87,85,46,103

111,124,95
105,11,35,7,1,23,70,92,57
51,108,77
79,120,100,2,28,47

14,128,102,76,81,24,26,34,12
19,16,67